11002
6002
11001
11004
6001
6004
11003
11006
6003
6006
11008
11005
11007
11010
11009
11012
11011
11014
11013
11016
11015
11018
11017
11020
11019
11022
11021
11024
11023
11026
11025
11028
11027
11030
11029
11032
11031
11034
11033
11036
11035
11038
11037
11040
11039
11042
11041
11044
11043
11046
11045
11048
11047
11050
11049
6005
6008
6007
6010
6009
6012
6011
6014
6013
6016
6015
6018
6017
6020
6019
6022
6021
6024
6023
6026
6025
6028
6027
6030
6029
6032
6031
6034
6033
6036
6035
6038
6037
6040
6039
6042
6041
6044
6043
6046
6045
6048
6047
6050
6049
